Belarus  (395, 70)  (401, 70)  (388, 70)  (395, 76)  (401, 77)  (388, 76)  (385, 83)  (392, 83)  (406, 83)
Portuguese Guinea  (210, 247)
Morocco  (233, 207)  (227, 207)  (239, 207)
Karelia  (371, 30)  (377, 30)  (373, 36)
119 Sea Zone  (229, 34)  (223, 39)  (223, 34)  (235, 40)  (229, 28)  (235, 28)  (235, 34)  (223, 28)  (224, 45)  (218, 45)  (217, 39)  (217, 34)  (241, 40)  (229, 22)  (235, 22)  (241, 22)  (241, 28)  (241, 34)  (217, 28)  (217, 22)  (223, 22)  (245, 46)  (247, 27)
124 Sea Zone  (247, 3)  (241, 9)  (241, 3)  (253, 9)  (253, 0)  (235, 12)  (235, 6)  (235, 0)  (259, 5)  (259, 11)  (259, 0)  (229, 12)  (229, 6)  (229, 0)  (265, 5)  (265, 11)  (265, 0)  (223, 12)  (223, 6)  (223, 0)  (271, 5)  (271, 11)  (271, 0)
Afghanistan  (488, 217)  (494, 217)  (481, 217)  (484, 224)  (485, 205)  (491, 205)
GermanyPeaceUS  (43, 400)
113 Sea Zone  (317, 70)  (324, 70)  (317, 76)  (314, 61)  (323, 76)
France  (274, 121)  (281, 121)  (268, 121)  (273, 127)  (279, 127)  (266, 127)  (270, 134)  (263, 134)  (276, 134)
Bryansk  (420, 99)  (413, 99)  (426, 99)  (413, 105)  (420, 106)  (426, 106)  (422, 112)
65 Sea Zone  (44, 312)  (38, 318)  (38, 312)  (49, 318)  (44, 306)  (50, 306)  (50, 312)  (37, 306)  (43, 324)  (37, 324)  (32, 318)  (32, 312)  (55, 318)  (55, 324)  (49, 324)  (31, 324)  (43, 300)  (49, 300)  (55, 300)  (56, 306)  (56, 312)  (31, 306)  (31, 300)  (37, 300)  (61, 295)  (43, 330)  (37, 330)  (26, 318)  (26, 312)  (61, 318)  (61, 324)  (61, 330)  (55, 330)  (49, 330)  (31, 330)  (26, 330)  (26, 324)  (43, 294)  (49, 294)  (55, 294)  (62, 300)  (62, 306)  (25, 306)  (25, 300)  (25, 294)  (31, 294)  (37, 294)  (61, 289)  (67, 289)  (67, 295)  (43, 336)  (37, 336)  (20, 318)  (20, 312)  (67, 312)  (67, 318)  (67, 324)  (67, 330)  (61, 336)  (55, 336)  (49, 336)  (31, 336)  (26, 336)  (20, 336)  (20, 330)  (20, 324)  (51, 288)  (67, 300)  (67, 306)  (19, 306)  (19, 300)  (19, 294)  (68, 336)  (57, 283)  (63, 283)  (69, 283)  (73, 289)  (73, 295)  (14, 318)  (14, 312)  (73, 312)  (73, 318)  (73, 324)  (73, 330)  (14, 339)  (14, 333)  (14, 327)  (73, 300)  (73, 306)  (13, 306)  (13, 300)  (13, 294)  (74, 336)  (75, 281)  (63, 277)  (69, 277)  (79, 287)  (79, 293)  (8, 321)  (8, 315)  (79, 312)  (79, 318)  (79, 324)  (79, 330)  (8, 339)  (8, 333)  (8, 327)  (79, 299)  (79, 305)  (7, 309)  (7, 303)  (7, 297)  (7, 291)  (80, 336)  (75, 275)  (80, 275)  (81, 281)  (69, 271)  (85, 287)  (85, 293)  (2, 321)  (2, 315)  (85, 311)  (85, 317)  (85, 323)  (85, 329)  (2, 339)  (2, 333)  (2, 327)  (85, 299)  (85, 305)  (1, 309)  (1, 303)  (1, 297)  (1, 291)  (86, 335)  (87, 280)
123 Sea Zone  (177, 0)  (177, 6)  (177, 12)  (183, 0)  (183, 5)  (183, 11)  (189, 0)  (189, 5)  (189, 11)  (210, 12)  (212, 0)  (213, 5)
84 Sea Zone  (191, 315)  (185, 321)  (185, 315)  (197, 321)  (191, 309)  (197, 309)  (197, 315)  (184, 309)  (191, 327)  (185, 327)  (179, 321)  (179, 315)  (203, 321)  (203, 327)  (197, 327)  (179, 327)  (190, 303)  (196, 303)  (202, 303)  (203, 309)  (203, 315)  (179, 309)  (179, 303)  (184, 303)  (191, 333)  (185, 333)  (207, 333)  (201, 333)  (179, 333)  (190, 297)  (196, 297)  (202, 297)  (175, 297)  (181, 297)  (195, 339)  (189, 339)  (207, 339)  (201, 339)  (183, 339)  (177, 339)  (187, 291)  (193, 291)  (199, 291)  (205, 291)  (175, 291)  (181, 291)  (195, 345)  (189, 345)  (207, 345)  (201, 345)  (183, 345)  (177, 345)  (187, 285)  (193, 285)  (199, 285)  (205, 285)  (178, 285)  (184, 279)  (190, 279)  (196, 279)  (202, 279)
122 Sea Zone  (154, 5)  (148, 11)  (148, 5)  (160, 11)  (160, 0)  (142, 12)  (142, 6)  (142, 0)  (166, 5)  (166, 11)  (166, 0)
Normandy Bordeaux  (254, 116)  (254, 123)  (253, 129)  (251, 135)  (249, 142)  (266, 105)  (271, 101)
West Indies  (99, 172)  (89, 168)  (84, 164)  (79, 161)  (74, 159)
French Central Africa  (284, 258)  (278, 263)  (278, 258)  (289, 264)  (284, 252)  (290, 252)  (290, 258)  (277, 252)  (272, 268)  (286, 246)  (292, 246)  (296, 252)  (298, 243)  (301, 249)  (304, 242)  (307, 248)  (313, 242)
Belgian Congo  (337, 336)  (331, 341)  (331, 335)  (343, 341)  (337, 330)  (343, 330)  (343, 336)  (331, 329)  (337, 347)  (331, 347)  (325, 341)  (325, 335)  (349, 346)  (343, 347)  (325, 347)  (337, 324)  (343, 324)  (349, 330)  (325, 329)  (325, 323)  (331, 323)  (350, 352)  (337, 353)  (344, 353)  (319, 352)  (344, 318)
Western Germany  (303, 100)  (309, 100)  (298, 106)  (304, 106)  (311, 106)  (298, 113)  (304, 112)  (311, 112)  (298, 119)  (304, 118)  (310, 119)  (308, 125)
76 Sea Zone  (417, 315)  (411, 321)  (411, 315)  (422, 321)  (417, 309)  (423, 309)  (423, 315)  (410, 309)  (416, 327)  (410, 327)  (405, 321)  (405, 315)  (428, 321)  (428, 327)  (422, 327)  (416, 303)  (422, 303)  (428, 303)  (428, 309)  (428, 315)  (399, 320)  (421, 297)  (427, 297)  (421, 292)  (427, 292)  (414, 289)  (420, 286)  (426, 286)  (428, 280)  (400, 279)  (399, 273)
118 Sea Zone  (195, 35)  (189, 41)  (189, 35)  (201, 41)  (195, 29)  (201, 29)  (201, 35)  (189, 29)  (195, 46)  (189, 46)  (207, 41)  (207, 47)  (201, 47)  (195, 23)  (200, 23)  (206, 23)  (207, 29)  (207, 35)  (183, 23)  (195, 52)  (189, 52)  (209, 53)  (203, 53)
Iceland  (201, 8)  (208, 8)  (195, 8)
Southern France  (270, 150)  (263, 150)  (256, 150)  (276, 149)
104 Sea Zone  (212, 127)  (206, 133)  (206, 127)  (218, 133)  (212, 121)  (218, 121)  (218, 127)  (206, 121)  (212, 138)  (206, 138)  (224, 133)  (224, 139)  (212, 115)  (218, 115)  (223, 115)  (224, 121)  (224, 127)  (202, 115)  (210, 144)  (204, 144)  (208, 109)  (214, 109)  (220, 109)  (202, 109)  (210, 150)  (204, 150)  (208, 103)  (214, 103)  (220, 103)  (202, 103)  (226, 102)  (212, 156)  (206, 156)  (208, 97)  (214, 97)  (220, 97)  (202, 97)  (226, 96)
95 Sea Zone  (299, 173)  (293, 180)  (298, 180)  (304, 180)  (311, 182)  (297, 186)  (302, 191)  (307, 193)
87 Sea Zone  (196, 248)  (190, 253)  (190, 247)  (202, 253)  (196, 242)  (202, 242)  (202, 248)  (190, 241)  (196, 259)  (190, 259)  (205, 259)  (196, 236)  (202, 236)  (188, 235)  (199, 265)  (193, 265)  (207, 265)  (194, 230)  (200, 230)  (188, 229)  (206, 228)
British Somaliland  (401, 296)
106 Sea Zone  (129, 82)  (123, 88)  (123, 82)  (134, 88)  (129, 76)  (135, 76)  (135, 82)  (123, 73)  (128, 94)  (122, 94)  (117, 88)  (140, 88)  (140, 94)  (134, 94)  (116, 94)  (129, 70)  (135, 70)  (141, 70)  (141, 76)  (141, 82)  (115, 69)  (121, 68)  (127, 65)  (133, 65)  (139, 65)  (145, 65)  (132, 59)  (138, 59)  (144, 59)
Alexandria  (353, 224)  (360, 224)  (355, 230)  (361, 230)  (356, 236)  (363, 236)
86 Sea Zone  (177, 262)  (171, 268)  (182, 268)  (176, 256)  (182, 256)  (176, 274)  (170, 274)  (176, 251)  (182, 251)  (171, 280)  (165, 280)  (174, 245)  (180, 245)  (168, 241)  (174, 239)  (180, 239)  (160, 238)  (154, 236)  (166, 235)
Nenetsia  (436, 16)  (443, 16)  (436, 23)  (443, 23)  (436, 29)  (450, 16)  (457, 15)
Pripet Marshes  (396, 95)  (402, 94)
67 Sea Zone  (145, 374)  (139, 380)  (139, 374)  (151, 380)  (145, 368)  (151, 368)  (151, 374)  (139, 368)  (145, 386)  (139, 386)  (133, 380)  (133, 374)  (157, 380)  (157, 386)  (151, 386)  (133, 386)  (145, 362)  (151, 362)  (157, 362)  (157, 368)  (157, 374)  (133, 368)  (133, 362)  (139, 362)  (163, 357)  (145, 392)  (139, 392)  (127, 380)  (127, 374)  (163, 380)  (163, 386)  (163, 392)  (157, 392)  (151, 392)  (133, 392)  (127, 392)  (127, 386)  (145, 356)  (151, 356)  (157, 356)  (163, 363)  (163, 368)  (127, 368)  (127, 362)  (127, 356)  (133, 356)  (139, 356)  (163, 351)  (169, 351)  (169, 357)  (145, 398)  (139, 398)  (169, 374)  (169, 380)  (169, 386)  (169, 392)  (163, 398)  (157, 398)  (151, 398)  (133, 398)  (127, 398)  (126, 350)  (145, 350)  (151, 350)  (157, 350)  (169, 363)  (169, 368)  (132, 350)  (138, 350)  (169, 398)  (163, 345)  (169, 345)  (145, 404)  (139, 404)  (163, 404)  (157, 404)  (151, 404)  (133, 404)  (127, 404)  (169, 404)  (145, 410)  (139, 410)  (163, 410)  (157, 410)  (151, 410)  (133, 410)  (127, 410)  (169, 410)
New Brunswick Nova Scotia  (104, 67)  (110, 67)  (129, 66)  (134, 67)
89 Sea Zone  (29, 143)  (30, 149)  (31, 155)  (36, 148)  (37, 154)  (55, 174)  (57, 167)  (59, 161)  (61, 173)  (63, 167)  (67, 173)  (67, 199)  (69, 191)  (71, 179)  (72, 164)  (73, 172)  (73, 197)  (75, 185)  (77, 178)  (79, 191)  (79, 197)  (81, 184)  (83, 177)  (83, 157)  (85, 190)  (85, 196)  (87, 183)  (89, 173)  (89, 157)  (91, 189)  (93, 163)  (93, 179)  (95, 157)  (96, 195)  (97, 185)  (101, 157)  (102, 191)  (102, 197)  (103, 180)  (107, 159)  (108, 186)  (108, 192)  (108, 198)  (110, 165)  (114, 185)  (114, 191)  (114, 197)  (115, 171)  (115, 202)  (120, 185)  (120, 195)  (121, 167)  (121, 173)  (126, 191)  (126, 197)  (127, 167)  (127, 173)  (127, 179)  (132, 185)  (132, 191)  (132, 197)  (133, 167)  (133, 173)  (133, 179)  (138, 185)  (138, 191)  (138, 197)  (139, 167)  (139, 173)  (139, 179)
74 Sea Zone  (494, 401)  (488, 407)  (488, 401)  (499, 407)  (500, 395)  (482, 410)  (482, 404)  (482, 398)  (505, 401)  (505, 407)  (506, 395)  (511, 401)  (511, 407)
102 Sea Zone  (131, 128)  (125, 134)  (125, 128)  (137, 134)  (131, 122)  (137, 122)  (137, 128)  (124, 122)  (131, 140)  (125, 140)  (119, 134)  (119, 128)  (143, 134)  (143, 140)  (137, 140)  (119, 140)  (130, 116)  (136, 116)  (142, 116)  (143, 122)  (143, 128)  (118, 122)  (118, 116)  (124, 116)  (148, 110)  (131, 146)  (125, 146)  (113, 134)  (113, 128)  (148, 134)  (148, 140)  (148, 146)  (143, 146)  (137, 146)  (119, 146)  (113, 146)  (113, 140)  (130, 110)  (136, 110)  (142, 110)  (149, 116)  (149, 122)  (112, 122)  (112, 116)  (112, 110)  (118, 110)  (124, 110)  (148, 104)  (131, 151)  (125, 151)  (152, 152)  (146, 152)  (140, 152)  (119, 152)  (113, 152)  (111, 104)  (130, 104)  (136, 104)  (142, 104)  (117, 104)  (123, 104)  (134, 157)  (128, 157)  (152, 158)  (146, 158)  (140, 158)  (122, 158)
66 Sea Zone  (52, 357)  (58, 357)  (47, 363)  (54, 363)  (61, 363)  (45, 356)  (44, 349)  (51, 349)  (59, 349)  (66, 350)  (66, 356)  (68, 364)  (39, 363)  (36, 355)  (37, 348)  (73, 349)  (74, 356)  (76, 363)  (31, 363)  (28, 356)  (28, 349)  (81, 349)  (81, 356)  (82, 364)  (82, 371)
93 Sea Zone  (254, 173)  (257, 167)  (260, 159)  (263, 165)  (266, 158)  (267, 171)  (269, 164)  (273, 170)  (275, 159)  (279, 165)  (279, 171)
Urals  (482, 18)  (488, 18)  (482, 24)  (488, 24)  (495, 18)  (495, 24)  (501, 18)  (501, 24)
85 Sea Zone  (150, 318)  (144, 324)  (144, 318)  (156, 324)  (150, 312)  (156, 312)  (156, 318)  (144, 312)  (150, 330)  (144, 330)  (138, 324)  (138, 318)  (162, 324)  (162, 330)  (156, 330)  (138, 330)  (150, 306)  (156, 306)  (162, 306)  (162, 312)  (162, 318)  (144, 306)  (168, 300)  (150, 336)  (144, 336)  (168, 324)  (168, 330)  (168, 336)  (162, 336)  (156, 336)  (138, 336)  (132, 336)  (132, 330)  (150, 300)  (156, 300)  (162, 300)  (168, 306)  (168, 312)  (168, 294)  (126, 339)  (159, 294)  (165, 288)
Egypt  (372, 226)  (378, 226)  (372, 233)  (378, 233)  (372, 239)  (378, 239)
Eastern Poland  (373, 100)  (379, 100)  (373, 106)  (379, 106)  (373, 112)  (379, 112)  (368, 98)  (362, 93)  (368, 92)
Crete  (361, 194)
Russia  (443, 75)  (449, 75)  (443, 81)  (449, 81)  (437, 75)  (437, 81)  (440, 87)  (447, 87)  (452, 87)  (454, 80)  (454, 75)  (440, 94)
Angola  (320, 374)  (326, 374)  (314, 374)  (320, 380)  (326, 380)  (314, 380)
Greece  (355, 181)  (355, 175)  (355, 168)  (361, 168)  (367, 168)  (372, 168)
Ukraine  (401, 129)  (406, 129)  (400, 135)  (406, 135)  (394, 129)  (394, 135)  (411, 129)  (412, 135)
Western Ukraine  (395, 105)  (401, 105)  (388, 105)  (395, 111)  (388, 111)  (401, 111)
99 Sea Zone  (368, 189)  (374, 189)  (371, 198)  (377, 198)
Iraq  (419, 216)  (413, 216)  (415, 223)  (422, 223)  (426, 216)  (429, 223)
GermanyWarUS  (62, 400)
Timguska  (513, 67)  (513, 73)  (512, 61)  (513, 79)  (512, 55)  (513, 85)  (512, 49)  (513, 91)  (512, 43)
90 Sea Zone  (163, 180)  (157, 186)  (157, 180)  (169, 186)  (163, 174)  (169, 174)  (169, 180)  (157, 174)  (163, 192)  (157, 192)  (151, 186)  (151, 180)  (175, 186)  (175, 192)  (169, 192)  (151, 192)  (163, 168)  (169, 168)  (175, 168)  (175, 174)  (175, 180)  (151, 174)  (151, 168)  (157, 168)  (181, 167)  (163, 198)  (157, 198)  (181, 186)  (181, 192)  (181, 198)  (175, 198)  (169, 198)  (151, 198)  (181, 173)  (181, 179)
Eastern Persia  (469, 227)  (475, 227)  (462, 227)  (469, 234)  (476, 234)  (463, 234)  (469, 240)  (476, 240)  (463, 240)  (469, 246)  (475, 246)  (463, 247)  (466, 209)  (472, 209)  (467, 202)  (473, 202)
101 Sea Zone  (88, 127)  (82, 133)  (82, 127)  (94, 133)  (88, 121)  (94, 121)  (94, 127)  (88, 139)  (82, 139)  (100, 133)  (100, 139)  (94, 139)  (90, 115)  (96, 115)  (100, 121)  (100, 127)  (102, 113)  (88, 145)  (82, 145)  (105, 145)  (99, 145)  (90, 109)  (96, 109)  (68, 147)  (102, 107)  (65, 141)  (93, 151)  (87, 151)  (81, 151)  (105, 151)  (92, 103)  (62, 151)  (98, 101)  (104, 101)  (59, 145)  (59, 139)  (56, 151)  (96, 95)  (102, 95)  (53, 145)  (53, 139)  (105, 89)  (47, 148)  (47, 142)  (41, 142)  (37, 136)
Cyprus  (383, 192)
Himalayas  (502, 208)
114 Sea Zone  (336, 71)  (343, 71)  (330, 71)  (337, 77)  (343, 77)  (330, 77)  (336, 64)  (342, 65)  (342, 58)  (335, 58)  (343, 51)  (343, 44)  (343, 37)
Denmark  (304, 72)
71 Sea Zone  (372, 403)  (366, 409)  (378, 409)  (374, 397)  (378, 403)  (379, 396)  (375, 390)  (381, 390)  (381, 384)  (381, 378)  (382, 372)
Holland Belgium  (287, 93)  (280, 93)  (293, 93)  (285, 99)
Gold Coast  (251, 278)
Southeast Mexico  (17, 155)  (23, 155)  (11, 155)  (19, 161)  (26, 162)  (28, 168)  (34, 168)  (41, 169)  (42, 175)  (49, 174)  (48, 167)  (9, 139)  (15, 137)  (8, 132)
Scotland  (254, 45)  (260, 45)  (255, 56)  (261, 55)
121 Sea Zone  (105, 19)  (99, 25)  (99, 19)  (111, 25)  (111, 19)  (99, 13)  (96, 31)  (93, 25)  (117, 25)  (93, 3)  (123, 22)  (86, 0)  (81, 21)  (130, 7)  (131, 13)  (135, 1)
GermanyWarRussia  (62, 391)
Northwest Persia  (437, 198)  (443, 198)  (438, 184)
Persia  (446, 225)  (452, 224)  (446, 231)  (452, 230)  (446, 236)  (452, 236)
Eastern United States  (80, 107)  (80, 113)  (73, 107)  (73, 113)  (67, 107)  (67, 113)  (67, 119)  (67, 125)
Sweden  (323, 49)  (317, 49)  (329, 49)  (320, 56)  (322, 62)  (326, 56)
115 Sea Zone  (350, 63)  (350, 56)  (350, 49)  (350, 41)  (357, 55)  (350, 56)  (350, 69)  (350, 76)  (350, 35)  (368, 52)
Sikang  (511, 185)  (513, 191)  (510, 179)  (513, 197)  (510, 173)  (513, 203)
South West Africa  (326, 400)  (320, 400)  (332, 400)
Nigeria  (275, 278)  (269, 281)  (281, 284)  (281, 274)  (287, 276)
Southern Italy  (320, 166)  (321, 178)  (320, 183)  (319, 172)
69 Sea Zone  (237, 385)  (231, 391)  (231, 385)  (243, 391)  (237, 379)  (243, 379)  (243, 385)  (231, 379)  (237, 397)  (231, 397)  (225, 391)  (225, 385)  (249, 391)  (249, 397)  (243, 397)  (225, 397)  (237, 373)  (243, 373)  (249, 373)  (249, 379)  (249, 385)  (225, 379)  (225, 373)  (231, 373)  (255, 368)  (237, 403)  (231, 403)  (255, 391)  (255, 397)  (255, 403)  (249, 403)  (243, 403)  (225, 403)  (237, 367)  (243, 367)  (249, 367)  (255, 374)  (255, 380)  (223, 367)  (229, 367)  (255, 362)  (237, 409)  (231, 409)  (258, 409)  (252, 409)  (246, 409)  (225, 409)  (235, 361)  (241, 361)  (247, 361)  (223, 361)  (229, 361)  (253, 356)  (235, 356)  (241, 356)  (247, 356)  (223, 355)  (229, 355)
Bolivia  (108, 284)  (102, 284)  (114, 283)  (104, 271)  (111, 271)  (110, 264)
Liberia  (229, 274)
Turkmenistan  (475, 188)  (480, 188)  (483, 194)
Kenya  (371, 318)  (365, 322)  (365, 316)  (377, 324)  (371, 312)  (377, 312)  (377, 318)  (364, 310)  (371, 328)  (359, 325)  (359, 319)  (383, 324)  (383, 330)  (377, 330)  (383, 312)  (353, 323)
Peru  (86, 269)  (93, 269)  (100, 265)  (99, 258)  (94, 275)  (83, 257)  (80, 250)
Caucasus  (432, 158)  (438, 158)  (432, 164)  (438, 164)  (438, 170)  (443, 175)  (447, 179)  (450, 148)
Tunisia  (287, 210)  (281, 210)  (293, 207)
Sardinia  (289, 168)
Malta  (304, 199)
Rhodesia  (347, 377)  (341, 383)  (341, 377)  (353, 383)  (347, 371)  (353, 371)  (353, 377)  (341, 371)  (347, 389)  (359, 384)  (355, 365)  (341, 391)
68 Sea Zone  (196, 385)  (190, 391)  (190, 385)  (201, 391)  (196, 379)  (202, 379)  (202, 385)  (189, 379)  (195, 397)  (189, 397)  (184, 391)  (184, 385)  (207, 391)  (207, 397)  (201, 397)  (183, 397)  (195, 373)  (201, 373)  (207, 373)  (208, 379)  (208, 385)  (183, 379)  (183, 373)  (189, 373)  (213, 367)  (195, 403)  (189, 403)  (178, 391)  (178, 385)  (213, 391)  (213, 397)  (213, 403)  (207, 403)  (201, 403)  (183, 403)  (177, 403)  (177, 397)  (195, 367)  (201, 367)  (207, 367)  (213, 373)  (213, 379)  (177, 379)  (177, 373)  (177, 367)  (183, 367)  (189, 367)  (213, 361)  (195, 409)  (189, 409)  (217, 409)  (211, 409)  (205, 409)  (183, 409)  (177, 409)  (175, 361)  (195, 361)  (201, 361)  (207, 361)  (181, 361)  (187, 361)  (213, 356)  (175, 355)  (193, 355)  (199, 355)  (205, 355)  (181, 355)  (187, 355)
Samara  (469, 84)  (475, 84)  (468, 90)  (475, 90)  (468, 96)  (474, 96)  (468, 102)  (475, 102)  (468, 108)  (475, 108)  (468, 114)  (476, 114)
105 Sea Zone  (238, 126)  (232, 132)  (232, 126)  (243, 132)  (238, 120)  (244, 120)  (244, 126)  (231, 120)  (237, 138)  (237, 114)  (243, 114)  (231, 114)  (237, 109)  (231, 108)
Newfoundland Labrador  (103, 51)  (110, 51)  (116, 51)  (123, 51)
Portugal  (217, 169)  (217, 174)  (216, 181)
120 Sea Zone  (59, 33)  (53, 38)  (53, 32)  (65, 39)  (59, 27)  (65, 27)  (65, 33)  (51, 26)  (47, 36)  (71, 39)  (70, 45)  (57, 21)  (63, 21)  (69, 21)  (45, 30)  (64, 15)  (68, 9)
Ecuador  (72, 248)  (74, 254)
112 Sea Zone  (293, 36)  (287, 42)  (287, 36)  (299, 42)  (293, 30)  (299, 30)  (287, 30)  (293, 48)  (293, 24)  (299, 24)  (305, 24)  (287, 24)  (295, 54)  (289, 54)  (292, 60)  (298, 61)
100 Sea Zone  (400, 158)  (394, 160)  (394, 154)  (406, 155)  (406, 161)  (391, 148)  (388, 163)  (388, 157)  (412, 151)  (412, 157)  (412, 163)  (382, 162)  (418, 160)  (418, 165)
Tobruk  (332, 224)  (338, 224)  (325, 224)  (344, 224)  (332, 231)  (338, 231)  (325, 231)  (345, 231)  (332, 237)  (338, 238)  (345, 238)  (346, 245)
Chile  (94, 316)  (93, 323)  (93, 329)  (94, 336)  (95, 297)  (94, 289)
80 Sea Zone  (454, 282)  (448, 288)  (448, 282)  (460, 288)  (454, 276)  (460, 276)  (460, 282)  (448, 276)  (454, 294)  (448, 294)  (442, 288)  (442, 282)  (466, 288)  (466, 294)  (460, 294)  (442, 294)  (454, 270)  (460, 270)  (466, 270)  (466, 276)  (466, 282)  (442, 276)  (442, 270)  (448, 270)  (454, 300)  (448, 300)  (436, 288)  (436, 282)  (472, 300)  (466, 300)  (442, 300)  (436, 300)  (436, 294)  (454, 265)  (460, 265)  (466, 265)  (436, 276)  (460, 259)  (466, 259)  (446, 245)  (439, 240)  (435, 234)
Baltic States  (369, 72)  (375, 72)  (364, 72)  (370, 78)  (364, 78)  (376, 78)
96 Sea Zone  (310, 205)  (316, 205)  (322, 205)  (328, 204)  (335, 204)  (340, 205)  (346, 206)
West India  (495, 240)  (501, 240)  (489, 241)  (495, 247)  (501, 247)  (488, 247)  (495, 253)  (501, 253)  (488, 254)  (498, 260)  (503, 266)  (492, 234)
French Equatorial Africa  (310, 293)  (304, 299)  (304, 293)  (316, 299)  (310, 287)  (316, 287)  (316, 293)  (304, 287)  (310, 304)  (304, 304)  (299, 299)  (299, 293)  (322, 299)  (322, 305)  (316, 305)  (298, 305)  (310, 281)  (316, 281)  (322, 287)  (298, 287)  (298, 281)  (304, 281)  (310, 310)  (304, 310)  (293, 299)  (293, 293)  (328, 304)  (328, 310)  (298, 311)  (310, 275)  (316, 275)  (292, 287)  (298, 275)  (304, 275)  (315, 316)  (309, 316)  (334, 308)  (303, 317)  (310, 269)  (316, 269)  (322, 269)  (296, 269)  (302, 269)  (328, 268)  (317, 322)  (311, 322)  (334, 263)  (305, 323)  (308, 263)  (314, 263)  (320, 263)  (301, 263)  (326, 262)  (316, 328)  (332, 257)  (338, 257)  (310, 329)  (304, 329)  (312, 257)  (318, 257)  (324, 256)  (316, 334)  (330, 251)  (336, 251)  (310, 334)  (304, 334)  (321, 250)  (298, 339)  (316, 340)  (310, 340)  (304, 340)  (299, 345)  (312, 346)  (306, 346)
116 Sea Zone  (129, 39)  (123, 43)  (123, 37)  (135, 45)  (129, 33)  (135, 33)  (135, 39)  (117, 41)  (117, 35)  (141, 45)  (141, 51)  (135, 51)  (133, 27)  (139, 27)  (141, 33)  (141, 39)  (145, 23)  (111, 35)  (139, 21)
Sierra Leone  (217, 263)
108 Sea Zone  (195, 74)  (189, 80)  (189, 74)  (200, 80)  (195, 68)  (201, 68)  (201, 74)  (188, 68)  (195, 86)  (189, 86)  (206, 80)  (206, 86)  (200, 86)  (194, 62)  (200, 62)  (206, 62)  (207, 68)  (207, 74)  (183, 62)  (195, 92)  (189, 92)
Greater Southern Germany  (318, 126)  (324, 126)  (330, 126)  (319, 132)  (325, 132)
73 Sea Zone  (452, 401)  (446, 407)  (446, 401)  (458, 407)  (458, 395)  (440, 410)  (440, 404)  (440, 398)  (464, 401)  (464, 407)  (464, 395)  (470, 401)  (470, 407)  (470, 395)
Slovakia Hungary  (349, 124)  (356, 124)  (362, 124)  (343, 124)  (340, 131)
Turkey  (392, 176)  (399, 176)  (385, 176)  (393, 183)  (399, 183)  (386, 183)  (396, 170)  (408, 184)  (414, 184)  (420, 184)  (427, 184)  (420, 178)  (428, 178)
70 Sea Zone  (284, 386)  (278, 392)  (278, 386)  (290, 392)  (284, 380)  (290, 380)  (290, 386)  (278, 380)  (284, 398)  (278, 398)  (272, 392)  (272, 386)  (296, 392)  (296, 398)  (290, 398)  (272, 398)  (284, 374)  (290, 374)  (296, 374)  (296, 380)  (296, 386)  (272, 380)  (272, 374)  (278, 374)  (302, 371)  (284, 404)  (278, 404)  (266, 392)  (266, 386)  (302, 392)  (302, 398)  (302, 404)  (296, 404)  (290, 404)  (272, 404)  (266, 404)  (266, 398)  (284, 368)  (290, 368)  (296, 368)  (302, 377)  (302, 383)  (266, 380)  (266, 374)  (266, 368)  (272, 368)  (278, 368)  (284, 410)  (278, 410)  (308, 391)  (308, 397)  (308, 403)  (308, 409)  (302, 410)  (296, 410)  (290, 410)  (272, 410)  (266, 410)  (264, 362)  (284, 362)  (290, 362)  (296, 362)  (270, 362)  (276, 362)  (314, 401)  (314, 407)  (264, 356)  (282, 356)  (288, 356)  (294, 356)  (270, 356)  (276, 356)
French Madagascar  (408, 384)  (402, 390)  (402, 380)  (412, 390)  (408, 378)  (414, 378)  (414, 384)  (406, 396)  (400, 396)  (416, 372)  (422, 368)  (404, 402)
Mozambique  (369, 376)  (363, 376)  (373, 382)  (365, 370)  (371, 370)  (367, 382)  (368, 388)
Romania  (367, 139)  (374, 139)  (360, 139)  (380, 144)
French Guiana  (133, 229)
Algeria  (264, 208)  (258, 208)  (251, 208)  (257, 202)  (273, 201)  (270, 208)  (276, 208)
Saudi Arabia  (419, 256)  (426, 257)  (413, 256)  (419, 264)  (426, 264)  (412, 263)  (418, 271)  (425, 271)  (411, 270)  (434, 263)  (433, 256)  (406, 253)  (407, 248)  (406, 241)  (401, 237)  (407, 235)  (434, 250)  (440, 262)  (441, 255)
Paraguay  (119, 296)  (113, 296)  (122, 302)  (125, 293)
Quebec  (88, 56)  (82, 62)  (82, 56)  (94, 62)  (88, 62)  (82, 68)  (88, 68)  (95, 68)
Syria  (402, 202)  (395, 202)  (403, 192)  (416, 192)  (422, 192)
Alberta Saskatchewan Manitoba  (8, 53)  (14, 53)  (20, 53)  (27, 52)  (33, 53)  (40, 53)  (8, 46)  (15, 46)  (37, 46)  (43, 46)  (50, 46)  (37, 60)
75 Sea Zone  (470, 375)  (464, 380)  (464, 374)  (476, 381)  (470, 369)  (476, 369)  (476, 375)  (464, 368)  (470, 386)  (464, 386)  (458, 380)  (458, 374)  (482, 381)  (482, 387)  (476, 387)  (458, 387)  (482, 363)  (482, 369)  (458, 368)  (452, 381)  (452, 375)  (488, 375)  (488, 381)  (488, 387)  (452, 389)  (488, 363)  (488, 369)  (452, 369)  (446, 383)  (446, 377)  (494, 375)  (494, 381)  (494, 387)  (446, 389)  (494, 363)  (494, 369)  (446, 371)  (446, 365)  (440, 383)  (440, 377)  (500, 375)  (500, 381)  (500, 387)  (440, 389)  (500, 363)  (500, 369)  (440, 371)  (440, 365)
Colombia  (81, 232)  (74, 231)  (88, 231)  (81, 219)  (88, 219)
Switzerland  (291, 126)  (297, 126)
Rostov  (426, 129)  (426, 135)  (420, 129)  (432, 129)  (432, 135)
Trans-Jordan  (396, 222)  (389, 222)  (403, 222)  (402, 215)  (405, 209)  (386, 217)
94 Sea Zone  (277, 186)  (271, 192)  (271, 186)  (283, 192)  (277, 180)  (283, 183)  (271, 180)  (289, 189)
Kansu  (513, 122)
Albania  (344, 161)  (337, 161)  (350, 162)
Eire  (226, 62)  (233, 62)  (220, 61)  (226, 51)
Central United States  (39, 109)  (45, 109)  (32, 109)  (39, 115)  (46, 115)  (32, 115)  (39, 121)  (32, 122)  (46, 122)
Vyborg  (366, 39)
Archangel  (411, 31)  (417, 31)  (423, 31)  (405, 32)  (410, 37)  (416, 37)  (422, 38)  (410, 43)  (417, 44)  (423, 43)  (405, 38)  (406, 43)  (415, 49)  (421, 49)
Argentina  (110, 324)  (116, 324)  (105, 324)  (111, 330)  (105, 330)  (105, 336)
Poland  (350, 97)  (352, 104)  (358, 104)  (346, 106)  (365, 108)
Union of South Africa  (358, 395)  (339, 407)  (347, 407)  (354, 407)
Bulgaria  (365, 156)  (358, 156)  (371, 156)  (359, 161)  (365, 162)  (374, 161)
Bessarabia  (386, 129)  (387, 134)  (388, 140)
Norway  (320, 28)  (326, 28)  (312, 35)  (319, 35)  (312, 41)  (312, 47)  (306, 48)  (338, 11)  (344, 7)
Germany  (329, 100)  (336, 100)  (323, 100)  (327, 107)  (320, 107)  (333, 107)
109 Sea Zone  (222, 74)  (216, 80)  (216, 74)  (225, 80)  (228, 70)  (231, 76)  (219, 86)  (225, 86)  (231, 88)  (237, 68)  (215, 57)  (240, 62)  (243, 55)
Central America  (57, 183)  (51, 183)  (61, 196)  (62, 202)
117 Sea Zone  (162, 39)  (156, 45)  (156, 39)  (168, 45)  (162, 33)  (168, 33)  (168, 39)  (156, 33)  (162, 51)  (156, 51)  (174, 45)  (174, 51)  (168, 51)  (162, 27)  (168, 27)  (174, 27)  (174, 33)  (174, 39)  (152, 27)  (162, 57)  (156, 57)  (177, 57)  (171, 57)  (158, 21)  (164, 21)  (170, 21)  (176, 21)  (152, 21)
Northern Italy  (299, 149)  (305, 147)  (300, 155)  (306, 154)  (289, 144)  (288, 138)  (315, 139)  (310, 134)
64 Sea Zone  (24, 223)  (18, 229)  (18, 223)  (30, 229)  (24, 217)  (30, 217)  (30, 223)  (18, 217)  (24, 235)  (18, 235)  (12, 229)  (12, 223)  (36, 229)  (36, 235)  (30, 235)  (12, 235)  (24, 211)  (30, 211)  (36, 211)  (36, 217)  (36, 223)  (12, 217)  (12, 211)  (18, 211)  (41, 206)  (24, 241)  (18, 241)  (6, 229)  (6, 223)  (42, 229)  (42, 235)  (42, 241)  (36, 241)  (30, 241)  (12, 241)  (6, 241)  (6, 235)  (24, 205)  (30, 205)  (36, 205)  (42, 212)  (42, 218)  (6, 217)  (6, 211)  (6, 205)  (12, 205)  (18, 205)  (41, 200)  (47, 200)  (47, 206)  (24, 247)  (18, 247)  (0, 229)  (0, 223)  (48, 224)  (48, 229)  (48, 235)  (48, 241)  (42, 247)  (36, 247)  (30, 247)  (12, 247)  (6, 247)  (0, 247)  (0, 241)  (0, 235)  (0, 199)  (24, 199)  (30, 199)  (36, 199)  (48, 212)  (48, 218)  (0, 217)  (0, 211)  (0, 205)  (6, 199)  (12, 199)  (48, 247)  (41, 194)  (47, 194)  (53, 194)  (53, 200)  (24, 253)  (18, 253)  (54, 224)  (54, 229)  (54, 235)  (54, 241)  (42, 253)  (36, 253)  (30, 253)  (12, 253)  (6, 253)  (0, 253)  (0, 193)  (18, 193)  (24, 193)  (30, 193)  (54, 206)  (54, 212)  (5, 193)  (11, 193)  (54, 247)  (54, 253)  (48, 253)  (36, 188)  (42, 188)  (24, 259)  (18, 259)  (60, 218)  (60, 224)  (60, 230)  (60, 236)  (42, 259)  (36, 259)  (30, 259)  (12, 259)  (6, 259)  (0, 259)  (0, 187)  (17, 187)  (23, 187)  (29, 187)  (60, 208)  (5, 187)  (11, 187)  (60, 242)  (60, 248)  (60, 254)  (54, 259)  (48, 259)  (60, 260)  (24, 265)  (18, 265)  (66, 214)  (66, 219)  (66, 225)  (42, 265)  (36, 265)  (30, 265)  (12, 265)  (6, 265)  (0, 265)  (0, 181)  (17, 181)  (23, 181)  (29, 181)  (5, 181)  (11, 181)  (66, 250)  (54, 265)  (48, 265)  (66, 256)  (61, 266)  (24, 271)  (18, 271)  (72, 214)  (42, 271)  (36, 271)  (30, 271)  (12, 271)  (6, 271)  (0, 271)  (0, 175)  (17, 175)  (23, 175)  (5, 175)  (11, 175)  (55, 271)  (49, 271)  (24, 277)  (18, 277)  (43, 277)  (37, 277)  (31, 277)  (13, 277)  (7, 277)  (1, 277)  (0, 170)  (17, 170)  (5, 169)  (11, 169)  (50, 277)  (0, 164)  (5, 163)  (0, 158)  (0, 152)  (0, 146)
Tambov  (443, 111)  (449, 111)  (443, 116)  (449, 116)  (437, 111)  (432, 111)  (455, 111)  (455, 117)
97 Sea Zone  (333, 186)  (327, 192)  (327, 186)  (339, 192)  (333, 180)  (339, 180)  (339, 186)  (327, 180)  (345, 192)  (333, 174)  (330, 168)  (324, 163)  (318, 157)
GermanyPeaceRussia  (43, 391)
Novosibirsk  (493, 70)  (499, 70)  (492, 76)  (498, 76)  (492, 82)  (498, 82)  (491, 88)  (499, 88)  (492, 95)  (498, 95)  (493, 102)  (500, 102)  (494, 108)  (501, 108)
125 Sea Zone  (297, 7)  (303, 7)  (290, 7)  (293, 13)  (299, 13)  (305, 13)  (308, 7)  (302, 1)  (296, 1)  (286, 13)  (312, 13)
India  (512, 242)  (513, 248)  (511, 236)  (513, 253)  (511, 259)
92 Sea Zone  (249, 188)  (243, 194)  (254, 194)  (254, 182)  (255, 188)  (260, 179)  (237, 197)  (261, 185)  (261, 191)
Tsinghai  (512, 145)  (513, 151)  (510, 139)  (513, 157)  (513, 163)
128 Sea Zone  (450, 164)  (454, 170)  (458, 176)  (456, 159)  (460, 183)
Greenland  (105, 4)  (111, 5)  (118, 6)  (124, 6)  (116, 12)  (123, 12)
72 Sea Zone  (389, 366)  (389, 372)  (389, 378)  (389, 384)  (389, 390)  (389, 396)  (389, 402)  (389, 408)  (392, 332)  (394, 338)  (394, 360)  (394, 350)  (395, 366)  (395, 372)  (395, 378)  (395, 384)  (395, 409)  (398, 332)  (400, 338)  (400, 344)  (400, 356)  (400, 350)  (401, 362)  (401, 368)  (401, 410)  (406, 336)  (406, 342)  (406, 356)  (406, 348)  (407, 361)  (407, 367)  (407, 409)  (412, 336)  (412, 342)  (412, 354)  (412, 348)  (413, 360)  (413, 406)  (416, 399)  (418, 336)  (418, 342)  (418, 354)  (418, 348)  (419, 405)  (419, 393)  (422, 399)  (422, 387)  (424, 336)  (424, 342)  (424, 348)  (424, 380)  (425, 405)  (425, 392)  (428, 374)  (428, 398)  (428, 354)  (428, 386)  (429, 360)  (430, 336)  (430, 342)  (430, 366)
81 Sea Zone  (391, 242)  (393, 248)  (388, 236)  (394, 254)  (386, 230)  (396, 260)
British Guiana  (117, 219)  (117, 224)
79 Sea Zone  (491, 286)  (485, 292)  (485, 286)  (497, 292)  (491, 280)  (497, 280)  (497, 286)  (485, 280)  (491, 298)  (485, 298)  (479, 292)  (479, 286)  (503, 292)  (503, 298)  (497, 298)  (479, 298)  (491, 275)  (496, 275)  (503, 280)  (503, 286)  (479, 280)  (479, 274)  (485, 274)  (491, 304)  (485, 304)  (505, 304)  (499, 304)  (479, 304)  (491, 269)  (478, 268)  (484, 268)  (478, 262)  (484, 262)
Vologda  (456, 40)  (462, 40)  (450, 40)  (456, 46)  (462, 46)  (450, 46)  (451, 52)  (456, 52)  (462, 52)
Uruguay  (125, 314)
French West Africa  (244, 258)  (238, 263)  (238, 257)  (249, 263)  (244, 252)  (249, 252)  (249, 258)  (237, 251)  (243, 269)  (237, 269)  (232, 262)  (255, 263)  (255, 269)  (243, 246)  (249, 246)  (255, 248)  (255, 254)  (231, 256)  (231, 250)  (237, 245)  (230, 244)  (244, 275)  (261, 260)  (259, 275)  (243, 240)  (261, 253)  (225, 257)  (225, 251)  (236, 239)  (224, 245)  (224, 239)  (230, 238)  (242, 234)  (219, 251)  (236, 234)  (219, 233)  (218, 240)  (225, 232)  (231, 228)  (213, 234)
Libya  (301, 224)  (307, 224)  (294, 223)  (294, 230)  (301, 230)  (308, 230)  (314, 226)  (314, 232)
Sicily  (311, 190)
Italian Somaliland  (392, 310)  (408, 300)
83 Sea Zone  (228, 315)  (222, 321)  (222, 315)  (233, 321)  (228, 309)  (233, 309)  (233, 315)  (221, 309)  (227, 327)  (221, 327)  (216, 321)  (216, 315)  (239, 321)  (239, 327)  (233, 327)  (215, 327)  (227, 303)  (233, 303)  (239, 303)  (239, 309)  (239, 315)  (215, 309)  (215, 303)  (221, 303)  (227, 333)  (221, 333)  (244, 333)  (238, 333)  (215, 333)  (227, 297)  (233, 297)  (239, 297)  (213, 297)  (219, 297)  (232, 339)  (226, 339)  (244, 339)  (238, 339)  (220, 339)  (214, 339)  (225, 291)  (231, 291)  (237, 291)  (243, 291)  (213, 291)  (219, 291)  (232, 345)  (226, 345)  (244, 345)  (238, 345)  (220, 345)  (214, 345)  (225, 285)  (213, 285)  (219, 285)  (213, 279)
Ontario  (64, 67)  (70, 67)  (48, 63)  (54, 62)  (59, 65)  (72, 72)
77 Sea Zone  (458, 331)  (452, 337)  (452, 331)  (463, 337)  (458, 325)  (464, 325)  (464, 331)  (451, 325)  (457, 343)  (452, 343)  (446, 337)  (446, 331)  (469, 337)  (469, 343)  (463, 343)  (446, 343)  (457, 319)  (463, 319)  (469, 319)  (470, 325)  (470, 331)  (445, 325)  (445, 319)  (451, 319)  (475, 313)  (457, 349)  (452, 349)  (440, 337)  (440, 331)  (475, 337)  (475, 343)  (475, 349)  (469, 349)  (463, 349)  (446, 349)  (440, 349)  (440, 343)  (457, 313)  (463, 313)  (469, 313)  (476, 319)  (476, 325)  (439, 325)  (439, 319)  (439, 313)  (445, 313)  (451, 313)  (457, 355)  (452, 355)  (479, 355)  (473, 355)  (467, 355)  (446, 355)  (440, 355)
82 Sea Zone  (270, 315)  (264, 321)  (264, 315)  (276, 321)  (270, 309)  (276, 309)  (276, 315)  (264, 309)  (270, 327)  (264, 327)  (258, 321)  (258, 315)  (282, 321)  (282, 327)  (276, 327)  (258, 327)  (270, 303)  (276, 303)  (282, 303)  (282, 309)  (282, 315)  (258, 309)  (258, 303)  (264, 303)  (270, 333)  (264, 333)  (252, 321)  (252, 315)  (288, 321)  (288, 327)  (288, 333)  (282, 333)  (276, 333)  (258, 333)  (252, 333)  (252, 327)  (270, 297)  (276, 297)  (288, 312)  (252, 309)  (252, 303)  (252, 297)  (258, 297)  (264, 297)  (270, 339)  (264, 339)  (291, 339)  (285, 339)  (279, 339)  (258, 339)  (252, 339)  (250, 292)  (270, 292)  (256, 291)  (262, 291)  (273, 345)  (267, 345)  (291, 345)  (285, 345)  (279, 345)  (261, 345)  (255, 345)
Brazil  (141, 264)  (147, 264)  (135, 264)  (141, 270)  (147, 270)  (134, 270)  (141, 275)  (148, 276)  (135, 276)  (141, 281)  (136, 282)  (148, 282)
Venezuela  (102, 216)  (108, 215)  (103, 222)  (93, 211)  (86, 207)  (111, 209)
127 Sea Zone  (382, 1)  (377, 2)  (388, 7)  (385, 13)  (382, 19)  (402, 0)
103 Sea Zone  (174, 127)  (169, 133)  (169, 127)  (180, 133)  (174, 121)  (180, 121)  (180, 127)  (168, 121)  (174, 139)  (168, 139)  (163, 133)  (163, 127)  (186, 133)  (186, 139)  (180, 139)  (162, 139)  (174, 115)  (180, 115)  (186, 115)  (186, 121)  (186, 127)  (162, 121)  (162, 115)  (168, 115)  (192, 110)  (174, 145)  (168, 145)  (192, 133)  (192, 139)  (192, 145)  (186, 145)  (180, 145)  (162, 145)  (174, 109)  (180, 109)  (186, 109)  (192, 116)  (192, 122)  (158, 109)  (164, 109)  (192, 104)  (174, 151)  (168, 151)  (196, 151)  (190, 151)  (184, 151)  (162, 151)  (170, 103)  (176, 103)  (182, 103)  (158, 103)  (164, 103)  (178, 157)  (172, 157)  (196, 157)  (190, 157)  (184, 157)  (166, 157)  (160, 157)
Volgograd  (451, 131)  (445, 131)  (458, 131)  (441, 138)  (448, 138)  (454, 138)  (465, 131)
Yugoslavia  (335, 146)  (329, 146)  (322, 145)  (342, 146)  (349, 146)
Spain  (236, 167)  (242, 167)  (236, 173)  (243, 173)  (230, 173)  (229, 167)  (237, 180)  (229, 180)  (244, 180)
Ethiopia  (378, 294)  (384, 294)  (372, 294)  (378, 300)  (372, 300)  (384, 300)
Rio de Oro  (222, 218)
Novgorod  (392, 41)  (387, 47)  (394, 47)  (382, 54)  (388, 54)  (385, 60)  (394, 53)
126 Sea Zone  (322, 5)  (321, 11)  (327, 0)
98 Sea Zone  (372, 206)  (366, 209)  (378, 203)  (378, 209)  (360, 208)  (384, 203)  (384, 209)
Gibraltar  (230, 189)
91 Sea Zone  (202, 196)  (196, 202)  (196, 196)  (208, 202)  (202, 190)  (208, 190)  (196, 190)  (202, 208)  (196, 208)  (190, 202)  (190, 196)  (214, 196)  (214, 202)  (208, 208)  (190, 208)  (202, 184)  (208, 184)  (214, 208)  (190, 190)  (190, 184)  (196, 184)  (216, 190)  (202, 214)  (196, 214)  (220, 196)  (208, 214)  (190, 214)  (202, 178)  (188, 178)  (194, 178)  (222, 190)  (202, 220)  (196, 220)  (209, 220)  (190, 220)  (200, 172)  (206, 172)  (188, 172)  (194, 172)
Finland  (355, 13)  (355, 19)  (356, 38)  (358, 32)  (359, 26)
78 Sea Zone  (498, 331)  (492, 337)  (492, 331)  (504, 337)  (498, 325)  (504, 325)  (504, 331)  (491, 325)  (498, 343)  (492, 343)  (486, 337)  (486, 331)  (509, 337)  (509, 343)  (504, 343)  (486, 343)  (497, 319)  (503, 319)  (509, 319)  (510, 325)  (510, 331)  (485, 325)  (485, 319)  (491, 319)  (498, 348)  (492, 348)  (512, 349)  (506, 349)  (486, 349)  (497, 313)  (503, 313)  (509, 313)  (485, 313)  (491, 313)  (500, 354)  (494, 354)  (512, 355)  (506, 355)  (488, 355)
Suriname  (126, 224)
107 Sea Zone  (163, 77)  (157, 83)  (157, 77)  (169, 83)  (163, 71)  (169, 71)  (169, 77)  (157, 71)  (163, 89)  (157, 89)  (175, 83)  (175, 89)  (169, 89)  (163, 65)  (169, 65)  (175, 65)  (175, 71)  (175, 77)  (152, 65)
United Kingdom  (245, 74)  (251, 74)  (258, 74)  (264, 74)  (247, 82)  (253, 82)  (260, 82)  (266, 82)
Anglo Egyptian Sudan  (353, 272)  (347, 277)  (347, 272)  (359, 278)  (353, 266)  (359, 266)  (359, 272)  (347, 266)  (353, 283)  (347, 283)  (341, 277)  (341, 272)  (341, 284)  (353, 260)  (359, 260)  (365, 260)  (365, 266)  (365, 272)  (347, 260)  (371, 254)  (353, 289)  (335, 278)  (347, 290)  (341, 290)  (335, 284)  (353, 254)  (359, 254)  (365, 254)  (371, 260)  (371, 266)  (335, 290)  (377, 249)  (329, 278)  (349, 296)  (343, 296)  (329, 284)  (377, 255)  (377, 261)  (377, 267)  (337, 296)  (383, 249)  (351, 302)  (345, 302)  (383, 255)  (383, 261)  (383, 267)  (339, 302)  (352, 307)  (346, 307)
110 Sea Zone  (237, 89)  (237, 95)  (237, 100)  (243, 88)  (243, 94)  (249, 88)  (249, 94)  (255, 90)  (255, 96)  (261, 90)  (267, 90)  (270, 63)  (275, 69)  (275, 78)  (275, 84)  (276, 63)  (281, 69)  (281, 75)  (287, 69)
111 Sea Zone  (274, 44)  (268, 50)  (268, 44)  (280, 50)  (274, 38)  (280, 38)  (280, 44)  (274, 56)  (281, 56)  (271, 32)  (277, 32)  (270, 26)  (276, 26)  (264, 22)  (270, 20)  (276, 20)
88 Sea Zone  (154, 214)  (148, 219)  (148, 213)  (160, 219)  (154, 208)  (160, 208)  (160, 214)  (148, 207)  (154, 225)  (148, 225)  (142, 219)  (142, 213)  (166, 219)  (166, 225)  (160, 225)  (142, 225)  (166, 205)  (166, 211)  (142, 207)  (136, 215)  (172, 217)  (172, 223)  (172, 229)  (172, 205)  (172, 211)  (136, 209)  (178, 217)  (178, 223)  (178, 229)  (178, 205)  (178, 211)  (130, 213)  (130, 207)  (124, 211)  (124, 205)
Kazakhstan  (485, 156)  (479, 162)  (479, 156)  (491, 162)  (485, 150)  (491, 150)  (491, 156)  (479, 150)  (485, 168)  (479, 168)  (473, 162)  (473, 156)  (497, 162)  (497, 168)  (491, 168)  (485, 144)  (491, 144)  (497, 144)  (497, 150)  (497, 156)  (473, 150)  (473, 144)  (479, 144)  (469, 168)  (503, 139)  (467, 162)  (467, 156)  (503, 162)  (503, 168)  (503, 174)  (497, 174)  (491, 174)  (494, 138)  (503, 145)  (503, 151)  (467, 146)  (502, 180)  (496, 180)  (490, 180)  (502, 186)  (496, 186)  (502, 192)  (496, 192)  (501, 198)  (495, 198)
Smolensk  (416, 67)  (422, 67)  (416, 73)  (423, 73)  (416, 80)  (423, 80)
Tanganyika Territory  (371, 348)  (365, 354)  (365, 348)  (377, 354)  (371, 342)  (377, 342)  (377, 348)  (365, 342)  (369, 360)  (359, 355)  (359, 349)  (383, 354)  (383, 341)  (383, 347)  (359, 343)  (359, 337)  (367, 336)